a = [ 1 2 3 4 5; 1 2 3 4 5; 1 2 3 4 5; 1 2 3 4 5; 1 2 3 4 5]
b = [1 1 1 1 1; 2 2 2 2 2 ; 3 3 3 3 3; 4 4 4 4 4; 5 5 5 5 5]
a*b
%ans =

 %  55   55   55   55   55
 %  55   55   55   55   55
 %  55   55   55   55   55
 %  55   55   55   55   55
 %  55   55   55   55   55
